<svg version="1.1" id="Layer_1" xmlns="http://www.w3.org/2000/svg" xmlns:xlink="http://www.w3.org/1999/xlink" x="0px" y="0px"
	 width="100%" viewBox="0 0 1024 1024" enable-background="new 0 0 1024 1024" xml:space="preserve">
<path fill="#000000" opacity="1.000000" stroke="none" 
	d="
M571.279785,588.249634 
	C580.509827,579.502075 591.576172,575.996277 603.509399,574.194946 
	C623.880249,571.119934 643.629517,572.220032 662.396545,581.640198 
	C674.019531,587.474426 683.751770,595.751343 692.766357,604.946899 
	C714.287964,626.900452 739.381104,642.357056 770.043030,647.855347 
	C775.674805,648.865234 776.712219,651.034790 773.770569,656.283142 
	C765.523865,670.996582 755.967041,684.850525 744.889038,697.565613 
	C720.420227,725.650330 692.471069,749.704224 660.272217,768.536377 
	C628.775635,786.957764 594.849915,798.659180 558.789246,804.468323 
	C541.593445,807.238403 524.349731,807.909302 507.064819,807.187866 
	C444.606781,804.580811 387.552917,786.093079 336.881927,748.852661 
	C318.800385,735.563538 302.298492,720.672424 287.798309,703.562622 
	C278.896606,693.058777 279.674774,690.249268 292.651123,685.677063 
	C309.254608,679.826843 326.278564,675.844971 343.958862,676.927429 
	C366.102020,678.283020 387.231964,684.248169 407.365570,693.441223 
	C428.867676,703.259094 450.018951,713.855164 471.619568,723.444397 
	C488.755035,731.051453 506.897156,735.698120 525.691772,736.244141 
	C533.099548,736.459290 540.891846,736.544128 548.258850,734.002441 
	C547.697266,731.234741 545.779175,730.763794 544.058228,730.481262 
	C508.129944,724.583130 475.355591,710.033081 442.995300,694.148010 
	C418.016846,681.886597 392.399109,671.315430 365.116333,664.914429 
	C340.452057,659.127808 316.674286,660.724854 293.170776,669.901245 
	C287.164673,672.246155 281.192657,674.896606 274.603333,675.555908 
	C269.201660,676.096497 264.837738,674.702698 261.444275,670.271484 
	C257.671356,665.344910 254.657104,659.995300 251.981750,654.433044 
	C250.589706,651.538879 251.546356,649.500549 254.586655,648.713318 
	C272.274994,644.133118 289.825592,638.992493 308.027863,636.605713 
	C322.601929,634.694519 336.513763,637.980652 350.340546,641.605042 
	C374.518341,647.942688 398.537933,647.924744 422.813446,641.917786 
	C458.129150,633.179016 492.101288,638.328491 525.088135,652.795105 
	C535.737549,657.465454 546.604431,661.700195 558.329956,663.157593 
	C569.617615,664.560608 580.632751,663.901672 591.071777,659.116394 
	C601.354553,654.402588 608.663940,646.722473 610.468323,635.352722 
	C612.992920,619.443787 597.428040,606.289490 580.901367,609.704956 
	C572.375305,611.466980 565.814697,616.402771 559.672913,622.175232 
	C557.951050,623.793518 556.270142,626.640747 553.433167,624.796021 
	C551.031372,623.234375 551.511292,620.375671 552.107483,617.899841 
	C554.995422,605.908447 562.434509,596.829773 571.279785,588.249634 
z"/>
<path fill="#000000" opacity="1.000000" stroke="none" 
	d="
M649.809448,453.218994 
	C661.626953,468.111786 673.203674,482.740204 684.821716,497.335663 
	C686.228516,499.102966 687.338196,501.897583 689.971619,501.505341 
	C693.082947,501.041870 692.738037,497.644897 693.401550,495.434326 
	C695.269104,489.211853 697.107056,482.995270 699.916321,477.117615 
	C700.868530,475.125244 702.026184,473.071320 704.567078,473.161438 
	C707.083923,473.250702 708.180420,475.319336 708.996033,477.385284 
	C713.473511,488.727142 715.762878,500.654785 718.379211,512.497803 
	C719.883118,519.305542 721.522217,526.083557 723.115540,532.871399 
	C723.481873,534.431946 723.352661,536.283875 725.563049,537.071899 
	C728.306580,534.647583 727.638428,531.009583 728.531494,527.976990 
	C730.125000,522.565857 731.096619,516.964844 732.820496,511.601562 
	C733.820740,508.489563 734.061218,504.087769 738.625549,503.819000 
	C743.280334,503.544952 743.896362,507.928467 745.115051,510.958496 
	C750.023132,523.160645 753.770142,535.767395 757.200500,548.448364 
	C762.698120,568.771362 760.799011,563.846436 777.721985,571.132935 
	C783.373779,573.566406 789.218933,575.554504 794.995422,577.692932 
	C797.057312,578.456299 798.601440,579.503296 798.160278,582.022888 
	C797.735474,584.448486 795.991150,585.190979 793.812439,585.302551 
	C792.814880,585.353577 791.811035,585.391846 790.814819,585.341858 
	C758.515320,583.721069 726.216980,586.008240 693.917969,585.368713 
	C691.434143,585.319519 689.039734,585.480957 686.907471,583.555237 
	C672.732117,570.753113 655.595703,564.066711 637.155884,560.837341 
	C614.624512,556.891479 592.703003,558.883240 572.269287,570.225220 
	C566.281616,573.548767 560.703369,577.525391 555.387207,581.796082 
	C552.046021,584.480286 548.592529,585.475525 544.380249,585.448425 
	C523.720459,585.315369 503.059174,585.426086 482.398529,585.389343 
	C420.606049,585.279419 358.807617,585.588135 297.024658,584.756226 
	C277.022064,584.486877 257.084412,585.862732 237.110764,585.329590 
	C235.612350,585.289551 234.111176,585.303528 232.612411,585.339294 
	C230.236374,585.396057 228.280502,584.826599 227.720139,582.145020 
	C227.133179,579.336243 228.906113,578.395874 231.145065,577.563477 
	C238.008652,575.011597 244.794617,572.250610 251.662216,569.710022 
	C256.216339,568.025269 258.933502,565.291992 260.081604,560.233337 
	C261.918121,552.141296 264.315613,544.146240 267.509979,536.437134 
	C268.477264,534.102722 269.321472,531.324036 272.277618,531.310852 
	C275.365234,531.296997 276.051666,534.312927 276.807434,536.595459 
	C278.713257,542.351562 280.354980,548.195068 282.111816,554.034363 
	C284.533966,553.316345 284.370789,551.531006 284.736481,549.935364 
	C288.112823,535.203796 290.705688,520.274780 295.476868,505.893097 
	C296.516602,502.759064 296.752716,498.018799 301.129669,498.100983 
	C305.170380,498.176880 305.070648,502.832733 306.375397,505.746796 
	C306.646606,506.352478 306.792908,507.013733 307.059845,507.621704 
	C308.136719,510.074615 307.413422,513.952454 310.911682,514.516846 
	C314.145386,515.038635 315.548340,511.642212 317.343842,509.617981 
	C340.996124,482.952576 364.564362,456.212616 388.170441,429.506195 
	C390.375610,427.011444 392.622284,424.544678 394.978729,422.194305 
	C398.508087,418.674072 401.379913,418.553833 404.834686,422.078766 
	C414.045990,431.477020 423.189880,440.943512 432.233276,450.503326 
	C436.722565,455.248962 436.864502,455.400360 441.246368,450.248779 
	C461.107361,426.899231 479.995026,402.765442 498.895477,378.641785 
	C502.901093,373.529205 506.920837,368.422211 511.102692,363.454590 
	C516.635559,356.882080 521.258911,356.858643 526.756409,363.362732 
	C536.544495,374.943085 544.647705,387.838318 554.660583,399.248657 
	C564.878052,410.892059 575.133667,422.502777 585.254883,434.229401 
	C588.103638,437.530029 590.337341,437.163055 592.900940,434.015869 
	C597.108154,428.850983 601.299255,423.658112 605.779968,418.734406 
	C611.858887,412.054443 615.155212,412.088257 621.500610,418.497955 
	C631.969604,429.072876 640.197388,441.481232 649.809448,453.218994 
M492.201172,414.661224 
	C479.235870,431.163147 466.327972,447.710785 453.253906,464.126068 
	C450.815063,467.188202 450.512024,469.453491 453.688568,472.068939 
	C458.057556,475.666199 462.332458,479.388519 466.488770,483.229218 
	C468.901215,485.458557 470.653198,485.273834 472.613495,482.702820 
	C474.932800,479.661011 477.481659,476.793488 479.947510,473.864319 
	C484.928741,467.947174 489.921143,462.039429 495.506165,455.419952 
	C496.366669,459.053192 495.465149,461.409546 494.862213,463.709869 
	C491.656769,475.940094 488.351440,488.144196 485.069489,500.354340 
	C482.806702,508.772827 482.900787,508.993500 489.527588,514.197449 
	C492.145935,516.253662 494.766022,518.334290 497.176758,520.623413 
	C504.867340,527.926208 513.730530,533.445923 523.221313,538.023132 
	C527.776001,540.219727 531.698486,538.068420 532.915710,533.220581 
	C533.921936,529.212952 533.494324,525.851685 530.479187,522.810120 
	C529.586975,521.910034 528.133911,520.755371 529.148193,518.724182 
	C530.061157,518.796265 531.105957,518.652954 531.967896,518.984680 
	C536.463684,520.715210 541.021423,520.502075 545.705688,520.004028 
	C550.032227,519.544067 552.079651,516.827698 553.605591,513.315552 
	C555.089905,509.899170 553.914307,507.276855 551.223450,504.959961 
	C547.059326,501.374512 543.078552,497.575348 538.898926,494.008789 
	C533.850220,489.700653 528.192688,489.320526 522.031799,491.441376 
	C518.780762,492.560486 516.166382,495.158936 512.060181,495.667603 
	C511.060455,487.826721 513.065613,480.569183 514.633057,473.397644 
	C517.398010,460.746765 524.311768,450.125885 532.312622,440.170380 
	C534.161255,437.870026 535.380920,435.688354 534.001343,432.465240 
	C528.499451,419.610809 523.284485,406.633881 517.841492,393.753784 
	C515.558228,388.350769 512.974731,388.120361 509.247833,392.839111 
	C503.673676,399.896759 498.169586,407.009827 492.201172,414.661224 
M366.157013,484.652069 
	C351.688477,500.306244 337.540100,516.294067 321.996735,530.881592 
	C316.800568,535.758240 315.762329,540.158875 317.885803,546.577820 
	C319.881104,552.609314 320.683502,553.186035 325.652374,548.834900 
	C342.076813,534.452026 358.002136,519.533997 373.428131,504.081909 
	C374.622467,502.885559 375.481293,501.030945 378.358337,501.057770 
	C374.469208,509.827301 370.956818,518.363953 367.986084,527.115967 
	C365.042389,535.788391 361.578583,544.284241 358.324860,552.905396 
	C361.483093,553.984924 362.670502,552.182312 363.888458,551.034790 
	C379.043030,536.756775 394.101410,522.376831 409.248962,508.091339 
	C411.623962,505.851471 412.023346,503.536163 411.137024,500.460419 
	C406.945312,485.914185 402.898651,471.325928 398.861847,456.735626 
	C398.360901,454.924988 398.097809,452.950500 395.926666,452.558685 
	C393.956848,452.203156 393.085999,454.032288 392.025848,455.234283 
	C383.543365,464.851379 375.099243,474.502228 366.157013,484.652069 
M616.399841,478.116364 
	C617.481506,478.884857 618.506836,479.753265 619.656738,480.400543 
	C621.903931,481.665527 624.426880,482.537903 626.640442,480.761810 
	C628.941711,478.915344 628.582825,476.146820 627.365234,473.909088 
	C622.276367,464.557220 619.261475,454.329285 614.841125,444.698059 
	C614.171692,443.239532 613.758972,441.973297 611.985046,441.775330 
	C610.010498,441.554993 609.464111,443.190094 608.798584,444.415802 
	C607.060486,447.617218 605.384460,450.863007 603.894775,454.185730 
	C602.309937,457.720276 602.765625,461.628967 604.711548,464.522552 
	C607.901367,469.266022 610.892822,474.354126 616.399841,478.116364 
z"/>
<path fill="#000000" opacity="1.000000" stroke="none" 
	d="
M345.511749,329.503357 
	C363.226501,313.731934 383.082703,304.496033 406.917389,303.443665 
	C435.317596,302.189697 459.133636,311.604401 478.879944,331.570343 
	C486.658905,339.435791 492.404022,348.828705 496.216705,359.340179 
	C497.227966,362.128143 497.155975,364.271149 495.256989,366.680054 
	C477.526794,389.171295 459.914246,411.755249 442.196472,434.256348 
	C438.297089,439.208527 437.197754,439.179565 432.811707,434.784271 
	C426.342590,428.301575 420.098785,421.580505 413.415649,415.327942 
	C401.908783,404.562439 397.098053,404.708923 386.430298,416.330170 
	C374.050659,429.816254 362.050842,443.650360 349.739716,457.200317 
	C344.018066,463.497711 342.289551,463.474030 336.691711,457.123077 
	C323.990234,442.712738 317.571075,425.638031 316.765228,406.612396 
	C316.245239,394.335449 315.644073,381.867950 320.055267,370.031158 
	C325.689362,354.912811 333.304169,340.954529 345.511749,329.503357 
z"/>
<path fill="#000000" opacity="1.000000" stroke="none" 
	d="
M459.230530,620.309937 
	C447.658386,621.491089 436.737152,623.687256 425.927765,626.380005 
	C402.226501,632.284424 378.620300,632.506592 354.879486,626.380493 
	C331.291992,620.293945 307.767639,621.673340 284.325165,627.799988 
	C272.585114,630.868286 260.720062,633.326904 248.390900,632.507507 
	C244.170441,632.226929 241.465332,630.281616 239.614899,626.940002 
	C238.175339,624.340454 237.086945,621.510559 236.134003,618.684692 
	C233.999588,612.355347 235.065414,610.852844 241.659348,610.696411 
	C245.489410,610.605530 249.356735,610.363647 253.150162,610.750244 
	C268.471069,612.311584 283.513641,609.856140 298.097931,606.093140 
	C319.398895,600.597046 339.907440,602.414551 360.506653,608.804626 
	C380.277924,614.937927 399.880188,612.753235 419.456116,607.311768 
	C429.203583,604.602295 438.984589,601.916992 449.273499,601.619568 
	C462.627197,601.233643 475.477600,603.791565 488.006500,607.886658 
	C498.236267,611.230286 508.754333,612.421143 519.313232,613.670349 
	C520.468384,613.806946 521.667847,613.815674 522.763550,614.153442 
	C524.510315,614.691956 526.546814,615.313171 526.775330,617.426453 
	C527.033203,619.811707 525.142212,620.857849 523.189392,621.616394 
	C515.925537,624.437988 508.319366,623.888977 500.969086,622.886719 
	C487.249512,621.015930 473.556458,619.623779 459.230530,620.309937 
z"/>
<path fill="#000000" opacity="1.000000" stroke="none" 
	d="
M571.979370,336.856079 
	C568.870544,340.792633 565.930054,340.891907 561.874756,338.462341 
	C557.562744,335.879028 552.630249,334.331482 548.030212,332.358093 
	C548.558167,329.188141 550.976196,328.816406 552.800598,327.908020 
	C557.117493,325.758667 561.517822,323.777039 565.881775,321.722137 
	C568.714478,320.388275 569.187256,318.521729 567.760315,315.661560 
	C558.852234,297.806763 546.129700,283.819611 527.670654,275.523590 
	C521.287354,272.654724 515.105652,269.391754 509.165344,265.692291 
	C507.622498,264.731384 506.157990,263.595581 504.827759,262.357239 
	C503.695251,261.303009 503.047363,259.833984 503.657684,258.280640 
	C504.360962,256.490631 506.071930,256.663300 507.529266,256.865997 
	C521.868652,258.860504 536.100037,261.438019 549.499939,267.144257 
	C560.138611,271.674622 571.519104,274.897186 579.474976,284.328033 
	C584.122253,289.836823 587.619751,296.090668 591.898315,301.819916 
	C595.963989,307.264130 596.891785,307.849548 602.411255,303.930237 
	C614.117004,295.618042 625.752014,298.808960 637.552551,303.141113 
	C638.288147,303.411133 639.079224,303.855927 639.210144,305.280090 
	C633.448669,309.938263 624.637085,309.717072 619.513550,315.571381 
	C620.114441,317.681519 621.482971,318.181549 622.703247,318.468597 
	C638.236389,322.122528 647.480042,333.356842 655.542908,345.867249 
	C658.870117,351.029877 661.645508,356.555542 664.531006,361.990814 
	C665.399658,363.626953 667.192261,365.634399 665.025452,367.343567 
	C663.011902,368.931854 661.252991,366.978638 659.679443,365.954620 
	C653.543335,361.961456 647.625183,357.620972 641.387817,353.798157 
	C627.465759,345.265503 613.376221,336.889282 597.002991,333.965668 
	C588.631531,332.470825 580.108582,332.080627 571.979370,336.856079 
z"/>
<path fill="#000000" opacity="1.000000" stroke="none" 
	d="
M565.362488,187.193588 
	C564.954407,191.772980 564.837830,195.952911 564.098938,200.019775 
	C563.338257,204.206055 563.412231,207.894287 566.830505,210.962448 
	C567.659607,211.706635 568.430664,212.801987 567.481323,214.036514 
	C566.807861,214.912247 565.833374,215.082809 564.786377,214.917633 
	C557.884949,213.828979 550.955322,213.265411 543.955933,213.146591 
	C539.921387,213.078110 537.933655,209.897278 540.341492,207.809723 
	C546.665405,202.326813 545.645142,194.772308 546.498657,187.908829 
	C548.020142,175.674210 547.747437,175.230576 535.340332,173.815598 
	C522.023987,172.296951 521.265503,172.881058 520.939941,183.998428 
	C520.795166,188.939484 520.745850,193.989487 520.005371,198.898422 
	C519.345398,203.273575 523.054565,205.635025 524.076233,208.929642 
	C523.177673,210.598724 521.892700,210.994339 520.542114,210.910965 
	C513.241821,210.460251 505.945496,209.943771 498.649811,209.421677 
	C497.112274,209.311630 495.548218,208.967194 495.092834,207.241348 
	C494.654205,205.578888 496.098267,204.906448 497.210266,204.252594 
	C501.793610,201.557510 501.126251,196.807617 501.571655,192.668716 
	C503.329742,176.332870 504.801422,159.966354 506.508850,143.624756 
	C506.917725,139.711411 506.213318,136.396561 503.284485,133.627304 
	C502.339447,132.733780 501.390350,131.629898 502.140961,130.120270 
	C502.654419,129.087646 503.619720,128.795471 504.667053,128.970856 
	C511.865021,130.176270 519.275879,129.563828 526.382690,131.593704 
	C530.657410,132.814667 531.272400,134.066879 528.237183,137.122314 
	C524.498047,140.886398 525.471313,145.806381 524.419250,150.218094 
	C524.040100,151.808228 524.244995,153.533707 524.145447,155.195160 
	C523.758240,161.661285 524.426392,162.361847 530.856384,162.695663 
	C535.330627,162.927933 539.793152,163.388611 544.267761,163.607758 
	C547.432739,163.762772 549.286438,162.153656 549.603210,158.949844 
	C549.979187,155.146576 550.320374,151.339813 550.666382,147.533646 
	C550.989258,143.981491 550.760132,140.736557 548.122009,137.772156 
	C545.817749,135.182861 546.942566,133.356216 550.405029,133.664520 
	C557.842712,134.326752 565.283386,135.033752 572.678406,136.046753 
	C574.715698,136.325836 577.729004,138.085342 574.919678,140.338211 
	C568.296692,145.649323 569.494263,153.201630 568.442688,160.033554 
	C567.080383,168.884598 566.371094,177.836166 565.362488,187.193588 
z"/>
<path fill="#000000" opacity="1.000000" stroke="none" 
	d="
M669.100037,228.134262 
	C676.840454,215.474289 684.401367,203.131622 691.912598,190.758850 
	C693.732239,187.761566 695.216858,184.814606 694.177124,180.916855 
	C693.344543,177.795700 695.796814,176.154266 698.284424,177.809723 
	C709.752686,185.441727 723.025635,190.436249 732.868042,200.374664 
	C739.847778,207.422485 743.056519,216.063187 738.964722,225.912216 
	C734.718628,236.132767 727.187439,240.476318 715.124939,240.242310 
	C714.479065,240.229767 713.832764,240.240677 712.158630,240.240677 
	C713.878662,252.454681 709.036194,264.781464 715.307068,276.450195 
	C715.892578,277.539703 716.248474,278.631836 715.278442,279.665039 
	C714.362671,280.640533 713.089661,280.766937 712.044617,280.212341 
	C705.382568,276.676910 699.359375,272.256012 694.523743,266.432373 
	C693.044739,264.651215 693.954651,262.278564 694.132996,260.135315 
	C694.684021,253.514175 695.170898,246.887421 695.632812,240.259384 
	C695.713196,239.105453 695.727173,237.893448 695.465759,236.780136 
	C694.901855,234.379440 694.620361,231.403244 691.752197,230.790070 
	C688.998840,230.201416 688.554260,233.236847 687.403137,234.873566 
	C685.396362,237.726959 683.729553,240.816757 681.817627,243.740326 
	C680.127319,246.324951 678.812927,248.841965 680.104370,252.104919 
	C680.631775,253.437439 680.630920,255.123108 679.181702,256.201172 
	C677.735291,257.277100 676.350281,256.735962 675.020264,255.894547 
	C669.116943,252.160065 663.184814,248.469833 657.331604,244.658371 
	C655.341858,243.362747 653.593933,240.615524 656.853394,239.998871 
	C663.763184,238.691635 665.910400,233.325394 669.100037,228.134262 
M707.970947,226.624390 
	C715.180969,228.487076 721.998169,220.169144 723.581543,213.987274 
	C725.217957,207.598541 722.648987,203.313583 715.282715,199.449524 
	C712.461121,197.969467 710.393799,197.984955 708.593323,200.973480 
	C706.536560,204.387527 704.162964,207.609192 701.978027,210.947845 
	C695.005310,221.602524 695.086975,221.825027 707.970947,226.624390 
z"/>
<path fill="#000000" opacity="1.000000" stroke="none" 
	d="
M853.259033,436.939270 
	C864.389221,435.375793 875.091614,433.963409 885.767822,432.374786 
	C888.736755,431.933044 891.638367,431.021606 893.359314,428.124329 
	C894.051575,426.958801 894.960510,425.861511 896.512329,426.084381 
	C898.194763,426.326019 898.385437,427.858276 898.619629,429.122131 
	C899.556519,434.179016 900.449829,439.245514 901.250916,444.325531 
	C901.712219,447.251007 899.640137,448.753998 897.692932,450.429474 
	C886.054382,460.443665 876.457397,472.382507 865.703430,483.840912 
	C867.757751,485.185089 869.373169,484.676239 870.893005,484.343140 
	C877.870850,482.814056 884.829651,481.198181 891.805115,479.657928 
	C895.879211,478.758331 899.960938,478.066803 902.536743,474.113068 
	C903.895874,472.026794 905.721130,472.822937 906.255737,474.723602 
	C908.008118,480.953674 909.412537,487.296326 909.311523,493.818909 
	C909.283264,495.642670 907.494019,496.802673 906.160034,495.537109 
	C900.228455,489.909607 893.518616,492.862457 887.188904,493.721649 
	C871.706543,495.823364 856.443176,499.201202 841.151855,502.391052 
	C838.572388,502.929169 835.611450,504.853516 833.361389,501.735840 
	C831.063965,498.552582 831.191650,492.007568 833.831421,489.105804 
	C839.768616,482.579163 845.742981,476.069305 852.015808,469.869965 
	C857.825500,464.128357 863.609436,458.384827 868.867065,452.129089 
	C869.401184,451.493500 869.938110,450.838806 869.533264,449.550262 
	C867.485291,448.592285 865.143127,449.205353 862.986877,449.613129 
	C854.334717,451.249390 845.732727,453.149689 837.095032,454.865875 
	C834.246399,455.431854 831.737854,456.285004 829.831970,458.741150 
	C827.450684,461.810028 825.265991,460.590057 824.462280,457.555664 
	C822.976501,451.946289 821.878113,446.222412 820.886414,440.499817 
	C820.497314,438.254150 822.023071,435.666443 824.184814,437.206879 
	C830.203247,441.495514 836.326721,439.293762 842.474243,438.598083 
	C845.938293,438.206085 849.373291,437.557037 853.259033,436.939270 
z"/>
<path fill="#000000" opacity="1.000000" stroke="none" 
	d="
M584.686035,192.053055 
	C585.361877,172.850571 594.377075,159.563385 611.641785,152.661072 
	C627.265747,146.414703 642.011841,149.399628 654.200439,160.891342 
	C666.002747,172.018814 669.205200,186.243286 664.670532,201.641525 
	C660.128235,217.065979 650.476257,228.391403 633.908386,230.889328 
	C612.744141,234.080246 590.596191,223.970184 585.244934,200.456024 
	C584.663757,197.902298 584.852417,195.173386 584.686035,192.053055 
M644.424683,170.221756 
	C637.711853,159.059937 624.265564,157.810257 615.642700,167.941803 
	C606.322021,178.893265 602.794617,191.931488 604.540283,206.069336 
	C606.167908,219.251251 620.804382,224.955444 631.493469,216.986618 
	C644.002991,207.660614 650.309021,185.777344 644.424683,170.221756 
z"/>
<path fill="#000000" opacity="1.000000" stroke="none" 
	d="
M817.895874,347.734528 
	C838.852295,336.340942 861.495483,341.038696 874.102173,359.165710 
	C890.389465,382.584991 874.797424,416.138977 846.403015,419.432190 
	C832.515381,421.042877 820.104431,418.755646 810.190918,408.450989 
	C792.114197,389.661163 795.566284,362.205505 817.895874,347.734528 
M867.339111,377.678009 
	C868.392029,367.319092 863.906433,360.251831 855.131104,358.443665 
	C841.812805,355.699463 820.342529,366.289978 814.467224,378.501678 
	C809.458740,388.911835 813.945801,400.664337 823.971558,402.541138 
	C836.890442,404.959473 861.734009,397.257904 867.339111,377.678009 
z"/>
<path fill="#000000" opacity="1.000000" stroke="none" 
	d="
M835.804688,314.132477 
	C821.323425,316.752533 807.268005,319.331573 793.194946,321.810089 
	C788.287415,322.674438 783.306885,323.136780 778.413330,324.065033 
	C773.792053,324.941589 772.922913,326.940369 775.670044,330.514404 
	C781.032837,337.491669 787.259399,343.040436 797.041504,341.816803 
	C799.547302,341.503387 801.807739,341.982941 802.404907,344.964813 
	C802.968689,347.780701 800.871399,348.703705 798.867371,349.650665 
	C794.802673,351.571320 790.692871,353.405029 786.698120,355.461914 
	C784.256836,356.718903 782.328369,356.604401 780.523987,354.423553 
	C769.689087,341.328522 759.242004,327.927826 749.177063,314.237244 
	C746.495483,310.589752 747.760925,308.574188 752.970154,307.901947 
	C764.503113,306.413574 776.068848,305.177216 787.597778,303.660278 
	C796.815796,302.447388 806.016724,301.077942 815.191101,299.570343 
	C820.093506,298.764679 821.108887,296.047089 817.949280,292.357941 
	C813.106995,286.704102 808.007507,281.406647 799.393127,283.240326 
	C797.673767,283.606323 796.027283,283.049927 795.211304,281.259369 
	C794.342590,279.353210 795.390991,277.944855 796.821106,276.998901 
	C800.986633,274.243530 805.200623,271.552460 809.496826,269.006836 
	C811.886108,267.591156 813.897583,268.369995 815.513306,270.626709 
	C824.248352,282.826569 833.973083,294.243805 843.425598,305.877899 
	C846.495117,309.655853 845.416077,312.244720 840.626221,313.219299 
	C839.162781,313.517059 837.691345,313.775482 835.804688,314.132477 
z"/>
<path fill="#000000" opacity="1.000000" stroke="none" 
	d="
M171.481049,314.567810 
	C179.333176,304.001129 179.304825,304.114990 191.812134,307.229279 
	C212.771637,312.448090 233.769058,317.514893 254.755859,322.623749 
	C259.668610,323.819672 259.976440,324.689911 256.974030,328.778198 
	C253.623260,333.340790 250.382004,337.983826 247.033310,342.548004 
	C246.170761,343.723633 245.337753,345.214600 243.579849,345.077667 
	C241.438034,344.910889 241.876221,342.973053 241.488663,341.630463 
	C240.393494,337.836487 236.968796,337.598572 233.980606,336.778656 
	C225.957458,334.577148 225.944824,334.602173 222.187302,341.961945 
	C221.128052,344.036652 220.131607,346.143555 219.066101,348.214996 
	C214.759186,356.587982 215.062225,357.430237 221.506744,364.045227 
	C224.276825,366.888580 228.014771,364.676239 231.309219,366.977905 
	C229.211639,372.870117 226.100189,378.352112 222.398849,383.279541 
	C220.388474,385.955841 218.655746,382.641022 217.651337,381.021118 
	C212.286194,372.368256 206.019363,364.365875 199.988281,356.196381 
	C193.065170,346.818634 186.021774,337.529327 178.993851,328.229431 
	C177.287354,325.971283 175.531143,323.879730 172.369736,323.349854 
	C167.255646,322.492798 166.868454,321.273651 169.857437,316.927734 
	C170.329376,316.241516 170.800034,315.554413 171.481049,314.567810 
M214.108444,333.616150 
	C208.855820,328.043274 201.602859,329.328552 194.428635,326.765106 
	C195.435898,331.588104 197.992157,333.860291 199.944626,336.416779 
	C208.067383,347.052643 208.837540,346.911835 214.108444,333.616150 
z"/>
<path fill="#000000" opacity="1.000000" stroke="none" 
	d="
M342.286621,237.102600 
	C344.098694,249.898438 336.524658,261.707336 323.350006,266.953308 
	C320.887421,267.933868 318.317535,268.658844 315.768738,269.404755 
	C313.472626,270.076721 311.425446,270.890991 310.379974,273.359192 
	C308.999054,276.619263 307.007660,276.183350 305.177185,273.778351 
	C301.750580,269.276276 298.426025,264.695648 295.109222,260.111389 
	C294.125275,258.751434 293.125946,257.250336 294.713989,255.654068 
	C296.129974,254.230713 297.796906,254.599533 299.346954,255.340378 
	C304.414856,257.762634 309.598541,259.249329 315.247009,257.703979 
	C316.046082,257.485352 316.870605,257.343903 317.649933,257.071228 
	C323.843964,254.903976 328.234161,249.471161 327.231506,245.249039 
	C326.069794,240.357315 319.524170,236.852158 313.006836,237.675278 
	C306.224030,238.531921 299.419342,238.803833 292.601105,238.355713 
	C283.588470,237.763367 277.409485,233.061737 273.732178,224.949875 
	C269.947449,216.601028 271.702332,209.030533 277.254089,202.135620 
	C281.832001,196.450180 288.053009,193.444962 294.967316,191.617355 
	C298.283356,190.740845 301.853271,190.454147 303.829437,186.807053 
	C304.736420,185.133118 306.494965,185.504517 307.502716,187.010422 
	C310.184143,191.017365 312.967224,194.987152 315.250580,199.219543 
	C316.998138,202.458786 315.442017,204.313080 311.684753,203.777252 
	C307.748535,203.215927 303.919861,202.013474 299.852448,202.264175 
	C297.650543,202.399887 295.524139,202.711823 293.564606,203.648849 
	C289.778992,205.459076 286.436340,207.827438 287.401611,212.722656 
	C288.307037,217.314072 291.904053,219.148193 296.113770,219.607147 
	C300.583771,220.094498 305.063477,219.765274 309.540039,219.075043 
	C323.482117,216.925323 335.041351,221.681488 340.230377,231.610580 
	C341.070282,233.217773 341.581024,234.996994 342.286621,237.102600 
z"/>
<path fill="#000000" opacity="1.000000" stroke="none" 
	d="
M220.484589,251.761780 
	C224.167130,244.938217 229.847900,240.986389 236.406876,238.183823 
	C238.957489,237.093933 241.105286,235.955750 242.083435,233.082596 
	C242.935455,230.579941 244.800766,230.204163 246.713089,232.041977 
	C250.193192,235.386536 253.711395,238.716644 256.904205,242.326508 
	C259.239136,244.966446 258.302429,246.935455 254.740265,247.230942 
	C252.601868,247.408325 250.422653,247.104645 248.262360,247.004654 
	C243.384674,246.778900 239.021255,248.023376 235.498749,251.556015 
	C233.159683,253.901825 231.356354,256.661469 232.606079,260.037537 
	C233.902725,263.540344 236.994293,264.799957 240.587952,264.978882 
	C245.345657,265.215668 249.795685,263.848358 254.261322,262.493134 
	C260.641052,260.557007 266.905945,259.387726 273.828186,260.306061 
	C291.513916,262.652313 299.119415,281.640472 287.459564,297.288269 
	C284.358276,301.450226 280.439514,304.868591 275.774475,307.284271 
	C272.212982,309.128479 268.580048,310.744019 267.398254,315.207733 
	C266.796722,317.479828 264.860565,317.277313 263.397064,316.162140 
	C258.502106,312.432251 253.706284,308.570435 248.927094,304.691864 
	C247.855392,303.822144 247.244537,302.569519 247.767075,301.120483 
	C248.344894,299.518280 249.781326,299.613556 251.115387,299.600037 
	C255.434952,299.556274 259.720459,300.399841 264.077667,299.791565 
	C268.390930,299.189423 272.020386,297.254395 275.158936,294.473114 
	C278.064819,291.898010 279.715820,288.531677 278.136108,284.624054 
	C276.593079,280.807098 273.346619,279.176086 269.317596,279.381439 
	C262.477936,279.730072 255.900406,281.622070 249.265610,283.109406 
	C243.657333,284.366577 238.131943,284.952850 232.544235,283.052490 
	C219.673584,278.675293 214.500275,265.642151 220.484589,251.761780 
z"/>
<path fill="#000000" opacity="1.000000" stroke="none" 
	d="
M862.348755,625.124451 
	C855.820312,646.419800 847.598145,666.544495 836.265442,685.325867 
	C831.786804,692.748169 828.588623,694.675171 824.060181,691.969177 
	C820.249023,689.691528 818.187927,686.845337 823.077454,678.194641 
	C842.311829,644.165039 853.518433,607.479004 858.487549,568.822998 
	C859.481873,561.087524 859.677856,553.251282 860.588928,545.502380 
	C861.212158,540.202576 863.815918,538.132446 868.373291,538.429199 
	C873.274475,538.748352 875.429565,541.114441 875.312988,546.805786 
	C874.803101,571.697815 870.062622,595.935669 863.752625,619.918274 
	C863.329468,621.526855 862.873108,623.126709 862.348755,625.124451 
z"/>
<path fill="#000000" opacity="1.000000" stroke="none" 
	d="
M406.856323,154.710999 
	C396.913483,162.286148 396.785889,172.548645 398.671906,182.970947 
	C400.009735,190.363815 403.056580,197.246826 408.428223,202.887436 
	C419.171967,214.169067 436.703949,211.477310 443.317993,197.395950 
	C444.715271,194.421127 445.448395,190.144287 450.018707,192.299713 
	C453.972687,194.164429 453.991913,198.199585 452.689331,201.912964 
	C450.861450,207.123962 447.302399,211.139908 442.716675,214.054153 
	C429.292572,222.585144 414.970764,224.698425 400.545593,217.434296 
	C384.525238,209.366821 378.123199,195.012344 378.892426,177.778336 
	C379.627899,161.301697 388.551697,149.822113 403.682831,143.355545 
	C411.037537,140.212387 418.750000,139.483231 426.642883,141.039734 
	C427.595306,141.227554 428.621399,141.435974 429.552094,141.276764 
	C436.272034,140.127121 436.283081,140.092880 438.333710,146.655273 
	C439.374664,149.986664 440.350952,153.338348 441.346008,156.683975 
	C441.763306,158.087036 442.604340,159.539001 441.043091,160.791855 
	C439.404053,162.107208 437.641022,162.102737 435.943817,161.014923 
	C433.282166,159.308960 430.785370,157.328369 428.049500,155.759155 
	C421.335938,151.908463 414.385986,150.643509 406.856323,154.710999 
z"/>
<path fill="#000000" opacity="1.000000" stroke="none" 
	d="
M154.773987,590.946045 
	C152.502975,575.898132 149.656769,561.341614 149.695099,546.470581 
	C149.710114,540.645691 152.496536,538.212402 158.110046,538.676819 
	C162.785721,539.063660 164.056961,542.159485 164.360733,546.224365 
	C165.574677,562.468140 167.619232,578.590210 170.845169,594.580200 
	C176.693710,623.569580 187.834351,650.532532 201.573044,676.541931 
	C202.428650,678.161743 203.361893,679.746887 204.115524,681.413025 
	C206.113174,685.829834 205.044785,689.987366 201.522568,691.829224 
	C197.995499,693.673645 193.675079,692.394226 191.230850,688.482849 
	C182.558105,674.604248 175.266739,660.041992 169.550980,644.682861 
	C163.094254,627.332520 158.375107,609.518616 154.773987,590.946045 
z"/>
<path fill="#000000" opacity="1.000000" stroke="none" 
	d="
M124.102524,482.821198 
	C114.581772,469.495972 113.811745,455.844482 120.902855,441.607666 
	C121.863029,439.679901 123.511421,437.649231 123.426018,435.729126 
	C123.159760,429.742889 126.580940,429.242798 131.072098,429.707581 
	C134.381439,430.049988 137.692108,430.383728 141.006500,430.671478 
	C142.404861,430.792938 143.713501,431.050720 144.235245,432.539825 
	C144.863098,434.331787 143.662155,435.385223 142.413971,436.249817 
	C138.851028,438.717834 135.280197,441.148102 132.364777,444.426300 
	C125.289200,452.382385 125.476410,460.801300 132.964005,468.375732 
	C143.370316,478.902740 160.809326,482.032928 174.163925,475.770905 
	C183.265152,471.503296 186.912903,463.446075 184.040482,453.442169 
	C183.126801,450.260101 181.690231,447.225586 180.449249,444.141144 
	C179.743240,442.386353 179.100174,440.587219 180.639618,439.030426 
	C182.186340,437.466309 184.117264,437.989563 185.783539,438.776917 
	C192.955078,442.165649 195.417328,448.727051 196.248535,455.839691 
	C199.104340,480.277039 181.215088,502.424683 150.550735,498.060089 
	C139.894592,496.543335 131.010071,491.699432 124.102524,482.821198 
z"/>
<path fill="#000000" opacity="1.000000" stroke="none" 
	d="
M218.555298,391.180176 
	C218.102890,395.607391 216.042709,399.086609 214.484009,402.753387 
	C210.511688,412.098206 206.580154,421.460388 202.611511,430.806793 
	C202.043381,432.144684 201.762711,433.897247 199.906387,434.021729 
	C198.122025,434.141418 197.233978,432.781158 196.764847,431.309021 
	C195.687744,427.929138 193.134445,426.446838 190.011551,425.257172 
	C174.928818,419.511597 159.913452,413.589386 144.843399,407.810120 
	C141.191849,406.409790 137.635651,404.407684 133.420883,406.711395 
	C131.573029,407.721344 129.848465,406.163239 130.531281,404.174103 
	C133.088638,396.724060 135.981583,389.389191 138.883865,381.650787 
	C150.318283,393.542511 165.803024,395.007355 178.818680,401.511963 
	C184.310379,404.256409 190.214233,406.169098 195.895203,408.544861 
	C198.769073,409.746704 200.564011,409.118469 201.676636,406.066772 
	C204.087585,399.453949 205.173691,392.881256 201.933578,386.224487 
	C201.169434,384.654572 200.635132,383.014404 201.974915,381.567596 
	C203.362610,380.069061 205.128403,380.567200 206.554245,381.443542 
	C210.894348,384.111053 215.735870,386.175323 218.555298,391.180176 
z"/>
<path fill="#000000" opacity="1.000000" stroke="none" 
	d="
M784.506714,238.492676 
	C786.754333,240.503906 788.828674,242.189194 790.693970,244.080688 
	C791.736023,245.137299 792.581970,246.544235 791.594177,248.131699 
	C790.744141,249.497742 789.270325,249.547775 788.018494,249.133286 
	C784.697937,248.033813 782.553467,249.819122 780.626099,251.976929 
	C768.644287,265.391754 756.698181,278.838623 744.767944,292.299438 
	C742.629395,294.712341 741.225037,297.371643 741.227905,300.827942 
	C741.231140,304.708801 739.041809,305.072144 736.411377,302.821442 
	C731.099365,298.276245 725.893066,293.605011 720.727539,288.893219 
	C719.531250,287.801910 718.204712,286.384399 719.157471,284.543762 
	C720.039734,282.839355 721.820557,283.403809 723.216248,283.630493 
	C726.474548,284.159698 728.712646,282.460663 730.606873,280.306610 
	C743.033875,266.175110 755.388062,251.979538 767.777771,237.815231 
	C769.165100,236.229126 769.609680,234.429459 769.751343,232.333466 
	C770.016113,228.417496 771.639954,227.630753 774.844421,230.052032 
	C778.154236,232.552902 781.126282,235.500687 784.506714,238.492676 
z"/>
<path fill="#000000" opacity="1.000000" stroke="none" 
	d="
M376.117981,236.226990 
	C370.911072,238.529816 366.068878,240.737473 361.170715,242.812958 
	C359.828278,243.381775 358.156647,243.945969 357.035522,242.480820 
	C355.905212,241.003647 356.851288,239.575119 357.848419,238.443634 
	C359.932159,236.079071 359.595795,233.669128 358.428833,231.043350 
	C351.132141,214.624878 343.871643,198.190292 336.627502,181.748550 
	C335.340485,178.827377 333.347076,176.827530 330.200592,175.965500 
	C329.098816,175.663666 327.969543,175.069290 327.907379,173.648026 
	C327.843384,172.184525 329.011841,171.691559 330.068939,171.236023 
	C336.637329,168.405441 343.209900,165.583771 349.811035,162.830826 
	C350.975586,162.345154 352.300110,161.559937 353.520203,162.786987 
	C354.620483,163.893555 354.640472,165.416840 353.916931,166.488037 
	C351.644440,169.852493 353.156525,172.922089 354.449219,175.934250 
	C361.141907,191.529221 367.912903,207.090668 374.693054,222.647919 
	C375.693420,224.943298 376.805634,227.122421 379.638794,227.853928 
	C381.387451,228.305405 383.394348,229.209824 383.451355,231.298111 
	C383.512390,233.534470 381.337952,233.958862 379.633698,234.616409 
	C378.549255,235.034790 377.517151,235.588821 376.117981,236.226990 
z"/>
<path fill="#000000" opacity="1.000000" stroke="none" 
	d="
M709.421753,843.392944 
	C702.901978,846.980713 702.937988,846.958679 699.256592,840.946777 
	C693.263367,831.159546 687.185425,821.424011 681.221191,811.619141 
	C680.014648,809.635681 677.170471,807.199646 679.609863,805.164001 
	C682.312134,802.909058 685.337158,799.834045 689.819153,801.668823 
	C696.589233,804.440308 703.426697,807.047363 710.240356,809.712097 
	C711.887939,810.356445 713.743896,811.803162 715.225891,809.929443 
	C716.434265,808.401672 715.131470,806.737976 714.296814,805.340515 
	C711.823608,801.199402 709.383728,797.028870 706.687256,793.034302 
	C705.044006,790.599976 704.842041,788.911194 707.815063,787.536011 
	C709.161987,786.913025 710.373047,785.986145 711.618103,785.155640 
	C713.807068,783.695801 715.529358,783.864502 717.015381,786.267029 
	C724.275452,798.004761 731.612610,809.694763 738.889404,821.422180 
	C739.675110,822.688416 740.574097,824.213684 738.948181,825.428223 
	C735.934814,827.678955 733.096313,830.677124 728.700623,828.918152 
	C722.217102,826.323730 715.769409,823.636353 709.245667,821.147888 
	C707.078003,820.320984 704.507996,817.814941 702.492798,820.260620 
	C700.716736,822.416016 703.475464,824.457031 704.532227,826.364502 
	C706.626099,830.143677 708.976196,833.781250 711.236206,837.467712 
	C712.730652,839.905396 712.454102,841.861938 709.421753,843.392944 
z"/>
<path fill="#000000" opacity="1.000000" stroke="none" 
	d="
M585.446228,855.626892 
	C583.494629,862.434387 585.928955,869.454956 591.266479,873.145142 
	C595.025085,875.743713 602.885559,875.609680 606.932312,872.723877 
	C608.946350,871.287720 611.519653,869.589111 610.243469,866.740601 
	C609.038391,864.050781 606.489929,865.758545 604.478760,866.149414 
	C601.317932,866.763672 598.191101,868.361084 596.982300,863.041931 
	C596.012390,858.774109 596.683777,856.947693 601.162048,856.306335 
	C605.754333,855.648682 610.310730,854.532593 614.772156,853.236328 
	C618.282349,852.216370 619.386047,853.683472 620.426575,856.750549 
	C623.194458,864.909119 624.442505,872.367676 616.411133,878.716125 
	C607.658020,885.635071 598.082397,887.610718 587.897766,883.651001 
	C578.607666,880.039062 573.504700,872.448364 572.747498,862.494446 
	C571.747375,849.346741 580.609070,838.929382 594.063660,836.715820 
	C599.070190,835.892090 604.038452,835.708252 608.789062,837.656860 
	C610.930908,838.535339 614.814819,838.327454 613.619446,842.412109 
	C612.258606,847.062073 608.652710,849.347656 605.117615,848.357910 
	C603.677673,847.954712 602.219971,847.543640 600.742493,847.358154 
	C593.611450,846.463074 589.205017,848.791748 585.446228,855.626892 
z"/>
<path fill="#000000" opacity="1.000000" stroke="none" 
	d="
M283.162933,775.826416 
	C279.725952,781.545959 275.103821,784.744141 268.670959,784.446350 
	C265.345245,784.292358 263.905334,785.763489 263.053162,788.726440 
	C261.826630,792.991089 260.307892,797.171570 258.914337,801.386475 
	C250.934982,798.661316 249.501556,796.066284 251.740799,788.927734 
	C252.386856,786.868225 252.883850,784.742798 253.733704,782.770142 
	C255.832199,777.899292 253.989166,774.887512 249.096817,772.668823 
	C246.605362,775.277283 244.082230,777.888428 241.593460,780.531921 
	C238.062836,784.281982 236.382980,780.225952 234.361572,778.645752 
	C232.388824,777.103577 229.746277,775.394836 232.826004,772.283325 
	C242.412506,762.597961 251.920151,752.834229 261.422913,743.066406 
	C263.024445,741.420227 264.393524,741.375916 266.087830,742.957886 
	C270.703094,747.267517 275.711426,751.199707 279.994354,755.810608 
	C285.236572,761.454224 287.195374,768.083069 283.162933,775.826416 
M260.560364,761.048767 
	C256.983185,763.773254 257.240601,766.355530 260.809814,768.871643 
	C262.296906,769.919983 263.632568,771.206604 265.188812,772.128845 
	C269.033356,774.407104 274.684387,771.352295 274.424622,766.909485 
	C274.155640,762.309509 270.494812,759.650940 267.034241,757.484436 
	C264.102234,755.648743 263.004150,759.392395 260.560364,761.048767 
z"/>
<path fill="#000000" opacity="1.000000" stroke="none" 
	d="
M631.945923,828.969604 
	C632.266357,826.780212 633.887207,826.426941 635.202759,825.841858 
	C643.566956,822.121826 652.020691,818.596558 660.312988,814.724487 
	C664.213745,812.903015 665.189514,815.247620 666.507568,817.977417 
	C667.890076,820.840820 668.652161,823.233032 664.804626,824.752014 
	C660.008728,826.645447 655.227783,828.590210 650.525330,830.702087 
	C647.958252,831.854919 645.761169,833.566406 647.570374,836.872559 
	C649.271973,839.982361 651.707520,838.797241 654.042480,837.734070 
	C657.526306,836.147705 661.032837,834.607300 664.476624,832.937683 
	C668.945984,830.770813 669.723022,834.311035 671.198608,837.046936 
	C672.861145,840.129517 671.431885,841.635376 668.712891,842.742493 
	C664.705200,844.374207 660.692810,846.001038 656.742859,847.765320 
	C654.563721,848.738586 652.475220,849.871948 653.766663,853.018127 
	C655.082947,856.224915 657.348938,856.772766 660.216125,855.532471 
	C665.103271,853.418274 669.965637,851.238098 674.764160,848.931030 
	C677.527100,847.602600 679.210693,848.294189 680.047424,851.154236 
	C680.807190,853.751282 683.686157,856.605225 679.041321,858.564392 
	C669.841248,862.445190 660.671143,866.397583 651.512146,870.374390 
	C649.214355,871.372070 648.235718,870.395081 647.425354,868.330627 
	C642.319092,855.321411 637.132446,842.343872 631.945923,828.969604 
z"/>
<path fill="#000000" opacity="1.000000" stroke="none" 
	d="
M532.606873,885.378174 
	C530.183167,886.095215 529.379456,887.682861 529.194275,889.613525 
	C528.633789,895.455750 525.014404,896.926941 519.845581,896.302734 
	C518.554871,896.146851 517.252441,896.087708 516.050781,895.991760 
	C515.128235,894.099121 515.657410,892.497803 516.140808,890.945679 
	C520.287476,877.632446 524.638916,864.379456 528.533875,850.993408 
	C529.741943,846.841614 532.511658,846.071533 535.914673,845.768799 
	C539.231079,845.473877 542.269958,845.248108 544.235229,849.251709 
	C550.530334,862.075684 557.201599,874.715088 563.733215,887.422791 
	C564.196533,888.324341 564.602905,889.222961 564.296387,890.269531 
	C556.947449,893.916626 554.160522,893.336426 550.204529,886.898560 
	C548.761047,884.549500 546.870300,883.794006 544.373230,884.042358 
	C540.577942,884.419861 536.790894,884.880066 532.606873,885.378174 
M541.346619,872.682434 
	C542.083069,869.085449 541.043884,866.318115 537.596741,864.356506 
	C535.279053,866.964172 533.309570,869.770996 534.936646,872.881287 
	C536.110413,875.125061 538.775146,875.195435 541.346619,872.682434 
z"/>
<path fill="#000000" opacity="1.000000" stroke="none" 
	d="
M399.152527,827.658508 
	C406.217163,829.785400 412.850159,831.967224 419.577972,833.801392 
	C424.205017,835.062683 423.236481,837.850281 422.373932,841.140259 
	C421.427582,844.749939 419.500519,844.980469 416.438477,843.884216 
	C412.689026,842.541870 408.824432,841.518860 405.002167,840.382690 
	C399.011688,838.602173 398.212952,839.151550 396.961151,846.056458 
	C401.224213,848.622803 406.176941,849.589661 410.926636,850.719055 
	C416.155151,851.962280 416.847809,854.490601 414.791046,858.793335 
	C414.370300,859.673462 414.030212,860.592163 413.610474,861.594482 
	C408.672943,861.541443 404.504669,859.194702 400.006989,858.266846 
	C396.955597,857.637390 393.425934,855.294067 391.904541,860.473389 
	C390.270782,866.035217 395.227814,865.301575 397.815521,866.354919 
	C401.799225,867.976440 406.025085,869.035095 410.195129,870.158447 
	C415.095093,871.478516 412.547546,874.737854 412.152252,877.368286 
	C411.688141,880.456726 409.796600,880.911682 407.043701,880.019958 
	C398.509186,877.255432 389.973877,874.480042 381.361359,871.975586 
	C377.439331,870.835083 377.090149,868.816284 378.215759,865.293762 
	C381.654449,854.532471 384.785858,843.673401 388.097809,832.871033 
	C390.539978,824.905579 390.582550,824.918640 399.152527,827.658508 
z"/>
<path fill="#000000" opacity="1.000000" stroke="none" 
	d="
M314.071594,837.322998 
	C313.420105,839.270996 312.450287,839.598816 310.864594,838.991821 
	C305.581970,836.969666 303.538391,833.359924 304.459106,827.460266 
	C304.561340,826.805420 304.648132,826.131409 304.609680,825.474060 
	C304.334503,820.769470 290.604553,813.351868 286.444366,815.644104 
	C279.031403,819.728760 278.190002,819.603760 272.114990,813.492432 
	C272.239349,811.517883 273.939575,810.824707 275.246918,809.926453 
	C286.502350,802.192932 297.817596,794.546387 309.064087,786.799988 
	C311.574066,785.071228 313.875549,783.976746 316.747986,786.117798 
	C319.686401,788.307861 322.528656,789.853638 321.542175,794.759766 
	C318.728271,808.754089 316.575684,822.881409 314.071594,837.322998 
M308.682129,805.748596 
	C309.413727,802.819458 308.419891,801.464294 305.449707,802.663696 
	C303.353851,803.509888 301.059143,804.602539 301.507324,807.555542 
	C301.815277,809.584656 303.341522,810.851318 305.221069,810.938904 
	C308.211456,811.078308 308.029358,808.358398 308.682129,805.748596 
z"/>
<path fill="#000000" opacity="1.000000" stroke="none" 
	d="
M749.459412,800.958801 
	C733.716614,793.526794 730.914917,774.524048 738.465576,763.993835 
	C743.889282,756.429871 751.539673,753.591980 760.286804,752.738403 
	C762.979004,752.475708 764.004333,753.500061 763.775208,756.559082 
	C763.410461,761.428772 763.108887,764.899902 756.412109,764.640869 
	C750.469238,764.411133 745.982605,770.550659 746.047729,776.613770 
	C746.116394,783.006470 751.715942,790.465820 757.282349,791.579468 
	C764.148132,792.953064 769.454834,789.436035 772.603943,781.878540 
	C773.494629,779.741028 772.799561,776.340515 776.875183,776.121765 
	C783.921692,775.743408 785.201843,777.331665 783.324585,784.177673 
	C779.057007,799.741150 762.855042,806.136292 749.459412,800.958801 
z"/>
<path fill="#000000" opacity="1.000000" stroke="none" 
	d="
M365.866150,836.874268 
	C359.235016,842.972595 352.836487,848.801758 346.485413,854.682190 
	C344.761627,856.278198 342.976318,857.403748 340.744537,855.855347 
	C338.430237,854.249756 334.517914,854.007507 334.734070,850.038147 
	C335.582886,834.450439 336.289398,818.846497 338.551483,803.373718 
	C338.619110,802.911133 338.942780,802.485962 339.137543,802.063904 
	C347.923523,802.923706 349.601532,805.223511 348.616211,813.625977 
	C347.692505,821.503052 347.259521,829.437683 346.603607,837.432129 
	C348.940094,838.204773 349.924133,836.283630 351.165436,835.187988 
	C356.280609,830.672974 361.270294,826.015991 366.374390,821.488220 
	C371.962769,816.530823 374.287140,816.734619 380.408051,822.944946 
	C375.648651,827.500488 370.882599,832.062439 365.866150,836.874268 
z"/>
<path fill="#000000" opacity="1.000000" stroke="none" 
	d="
M771.652649,610.538818 
	C776.360046,609.278442 780.718323,609.508911 785.018372,609.807678 
	C789.916748,610.148010 791.855774,613.212463 790.716736,618.133118 
	C787.754639,630.928955 781.808228,634.402832 768.716309,632.911133 
	C755.417847,631.395813 744.343567,625.622375 734.044189,617.696106 
	C730.981934,615.339417 730.816284,615.090576 728.850647,610.636292 
	C743.271484,611.343750 757.273621,612.544006 771.652649,610.538818 
z"/>
<path fill="#000000" opacity="1.000000" stroke="none" 
	d="
M797.780396,748.103760 
	C789.755615,743.875549 781.194824,745.625366 773.073608,744.357300 
	C769.720764,743.833862 766.113525,744.708496 762.748474,742.393738 
	C764.288940,738.541687 767.013245,735.657654 769.487549,732.639954 
	C770.437622,731.481262 771.891907,731.914246 773.233093,732.117920 
	C777.328003,732.739868 781.426331,733.373169 785.544556,733.796387 
	C788.857361,734.136780 790.239746,732.612427 789.178894,729.276794 
	C788.373535,726.744690 787.643127,724.186279 786.755432,721.683472 
	C783.787415,713.315796 784.755066,710.289673 792.497681,704.578247 
	C794.560852,707.299377 794.945557,710.618713 795.883850,713.721497 
	C797.804199,720.072021 799.708130,726.427979 801.699463,732.756287 
	C802.559021,735.487671 804.045288,737.830688 806.251099,739.769653 
	C809.119873,742.291382 811.765015,745.066589 814.614502,747.611755 
	C816.864075,749.621033 818.164429,751.463196 815.493713,754.201904 
	C813.087219,756.669617 810.965881,758.622925 807.533875,755.637024 
	C804.533203,753.026428 801.246765,750.744202 797.780396,748.103760 
z"/>
<path fill="#000000" opacity="1.000000" stroke="none" 
	d="
M247.527527,737.596008 
	C239.814056,729.265259 241.759171,728.413635 232.388321,736.174438 
	C226.624725,740.947815 220.539154,745.338318 214.864532,750.210938 
	C211.813965,752.830383 210.061249,751.982849 208.099731,749.132202 
	C206.255234,746.451660 203.277725,744.321899 207.724060,741.048462 
	C214.954285,735.725525 221.716614,729.768799 228.920853,724.408081 
	C232.444992,721.785645 233.047562,719.631836 229.722504,716.525391 
	C228.180176,715.084534 226.789703,713.379883 226.240570,711.306763 
	C226.744217,709.597107 228.237473,708.989502 229.299744,707.974915 
	C232.307083,705.102539 234.532547,705.112122 237.308014,708.809204 
	C242.694656,715.984741 248.701477,722.693054 254.392502,729.643066 
	C255.568909,731.079773 257.995636,732.754395 255.830597,734.643799 
	C253.671310,736.528259 252.002792,740.800598 247.527527,737.596008 
z"/>
<path fill="#000000" opacity="1.000000" stroke="none" 
	d="
M435.687683,871.950439 
	C437.388611,862.555664 439.042786,853.586731 440.735352,844.625122 
	C441.749390,839.256165 442.345215,839.302002 449.916809,840.469849 
	C455.125519,841.273193 453.257812,844.281311 452.714783,847.024109 
	C451.039948,855.483093 449.457275,863.965454 447.524231,872.366272 
	C446.434753,877.100830 448.166321,879.099121 452.737793,879.645142 
	C456.351868,880.076721 459.897247,881.067017 463.507843,881.549194 
	C466.090790,881.894165 468.226105,882.260620 467.414185,885.682617 
	C466.712280,888.640991 466.946960,892.283691 462.009796,891.387451 
	C455.484802,890.202942 448.917511,889.250793 442.367310,888.205688 
	C432.928711,886.699646 432.927246,886.702148 434.713623,877.258484 
	C435.021515,875.630859 435.342285,874.005676 435.687683,871.950439 
z"/>
</svg>